1 0.00 0.00 0.30 0.00 0.00
1 0.10 0.00 0.30 -0.10 0.00
1 0.20 0.00 0.30 -0.18 0.00
1 0.30 0.00 0.30 -0.20 0.00
1 0.40 0.00 0.30 -0.24 -0.14
1 0.50 0.00 0.30 -0.25 -0.36
1 0.58 -0.06 0.30 -0.24 -0.57
1 0.67 -0.11 0.29 -0.26 -0.79
1 0.73 -0.19 0.29 -0.26 -1.00
1 0.78 -0.27 0.29 -0.29 -1.24
1 0.80 -0.37 0.28 -0.30 -1.45
1 0.81 -0.47 0.28 -0.32 -1.70
1 0.79 -0.57 0.28 -0.33 -1.94
1 0.74 -0.66 0.28 -0.34 -2.19
1 0.68 -0.73 0.28 -0.33 -2.43
1 0.60 -0.79 0.28 -0.33 -2.66
1 0.51 -0.83 0.28 -0.35 -2.91
1 0.41 -0.83 0.28 -0.35 -3.14
1 0.31 -0.83 0.28 -0.37 2.89
1 0.21 -0.79 0.28 -0.37 2.65
1 0.13 -0.73 0.28 -0.38 2.41
1 0.06 -0.66 0.28 -0.36 2.18
1 0.02 -0.57 0.28 -0.36 1.92
1 -0.00 -0.47 0.28 -0.36 1.69
1 -0.00 -0.37 0.28 -0.37 1.45
1 0.02 -0.27 0.28 -0.38 1.21
1 0.07 -0.18 0.28 -0.38 0.97
1 0.14 -0.11 0.28 -0.37 0.75
1 0.22 -0.05 0.28 -0.31 0.61
1 0.30 -0.00 0.28 -0.26 0.61
1 0.38 0.06 0.28 -0.18 0.33
1 0.48 0.07 0.28 -0.14 -0.01
1 0.58 0.05 0.28 -0.21 0.17
1 0.68 0.03 0.28 -0.22 -0.04
1 0.78 0.01 0.28 -0.24 -0.33
1 0.88 -0.01 0.28 -0.18 -0.73
1 0.92 -0.10 0.28 -0.18 -0.88
1 0.97 -0.18 0.28 -0.20 -0.69
1 1.02 -0.27 0.28 -0.22 -0.66
1 1.10 -0.33 0.28 -0.22 -0.68
1 1.18 -0.39 0.28 -0.23 -0.84
1 1.15 -0.48 0.28 -0.33 -1.34
1 1.19 -0.57 0.28 -0.35 -1.55
1 1.18 -0.67 0.28 -0.32 -1.80
1 1.14 -0.76 0.28 -0.28 -1.97
1 1.11 -0.86 0.28 -0.26 -1.91
1 1.05 -0.94 0.28 -0.21 -2.13
1 0.96 -0.97 0.28 -0.19 -2.40
1 0.86 -0.99 0.28 -0.20 -2.54
1 0.79 -1.06 0.28 -0.21 -2.45
1 0.70 -1.11 0.28 -0.19 -2.67
1 0.60 -1.13 0.28 -0.21 -2.92
1 0.51 -1.17 0.28 -0.22 -2.96
1 0.41 -1.16 0.28 -0.20 3.14
1 0.31 -1.15 0.28 -0.20 3.00
1 0.21 -1.11 0.28 -0.22 3.11
1 0.12 -1.09 0.28 -0.28 -2.75
1 0.03 -1.14 0.28 -0.35 -2.49
1 -0.05 -1.20 0.28 -0.30 -2.59
1 -0.14 -1.25 0.28 -0.25 -2.74
1 -0.24 -1.27 0.28 -0.23 -2.98
1 -0.34 -1.27 0.28 -0.25 3.10
1 -0.44 -1.26 0.28 -0.30 2.87
1 -0.53 -1.22 0.28 -0.32 2.64
1 -0.61 -1.16 0.28 -0.33 2.41
1 -0.67 -1.08 0.28 -0.33 2.18
1 -0.71 -0.99 0.28 -0.33 1.96
1 -0.69 -0.89 0.28 -0.36 1.73
1 -0.66 -0.80 0.28 -0.38 1.55
1 -0.61 -0.71 0.28 -0.42 1.40
1 -0.55 -0.63 0.28 -0.49 1.20
1 -0.59 -0.54 0.28 -0.64 1.13

2 -0.59 -0.54 0.28 -0.64 1.13
2 -0.55 -0.63 0.28 -0.49 1.20
2 -0.61 -0.71 0.28 -0.42 1.40
2 -0.66 -0.80 0.28 -0.38 1.55
2 -0.69 -0.89 0.28 -0.36 1.73
2 -0.71 -0.99 0.28 -0.33 1.96
2 -0.67 -1.08 0.28 -0.33 2.18
2 -0.61 -1.16 0.28 -0.33 2.41
2 -0.53 -1.22 0.28 -0.32 2.64
2 -0.44 -1.26 0.28 -0.30 2.87
2 -0.34 -1.27 0.28 -0.25 3.10
2 -0.24 -1.27 0.28 -0.23 -2.98
2 -0.14 -1.25 0.28 -0.25 -2.74
2 -0.05 -1.20 0.28 -0.30 -2.59
2 0.03 -1.14 0.28 -0.35 -2.49
2 0.12 -1.09 0.28 -0.28 -2.75
2 0.21 -1.11 0.28 -0.22 3.11
2 0.31 -1.15 0.28 -0.20 3.00
2 0.41 -1.16 0.28 -0.20 3.14
2 0.51 -1.17 0.28 -0.22 -2.96
2 0.60 -1.13 0.28 -0.21 -2.92
2 0.70 -1.11 0.28 -0.19 -2.67
2 0.79 -1.06 0.28 -0.21 -2.45
2 0.86 -0.99 0.28 -0.20 -2.54
2 0.96 -0.97 0.28 -0.19 -2.40
2 1.05 -0.94 0.28 -0.21 -2.13
2 1.11 -0.86 0.28 -0.26 -1.91
2 1.14 -0.76 0.28 -0.28 -1.97
2 1.18 -0.67 0.28 -0.32 -1.80
2 1.19 -0.57 0.28 -0.35 -1.55
2 1.15 -0.48 0.28 -0.33 -1.34
2 1.18 -0.39 0.28 -0.23 -0.84
2 1.10 -0.33 0.28 -0.22 -0.68
2 1.02 -0.27 0.28 -0.22 -0.66
2 0.97 -0.18 0.28 -0.20 -0.69
2 0.92 -0.10 0.28 -0.18 -0.88
2 0.88 -0.01 0.28 -0.18 -0.73
2 0.78 0.01 0.28 -0.24 -0.33
2 0.68 0.03 0.28 -0.22 -0.04
2 0.58 0.05 0.28 -0.21 0.17
2 0.48 0.07 0.28 -0.14 -0.01
2 0.38 0.06 0.28 -0.18 0.33
2 0.30 -0.00 0.28 -0.26 0.61
2 0.22 -0.05 0.28 -0.31 0.61
2 0.14 -0.11 0.28 -0.37 0.75
2 0.07 -0.18 0.28 -0.38 0.97
2 0.02 -0.27 0.28 -0.38 1.21
2 -0.00 -0.37 0.28 -0.37 1.45
2 -0.00 -0.47 0.28 -0.36 1.69
2 0.02 -0.57 0.28 -0.36 1.92
2 0.06 -0.66 0.28 -0.36 2.18
2 0.13 -0.73 0.28 -0.38 2.41
2 0.21 -0.79 0.28 -0.37 2.65
2 0.31 -0.83 0.28 -0.37 2.89
2 0.41 -0.83 0.28 -0.35 -3.14
2 0.51 -0.83 0.28 -0.35 -2.91
2 0.60 -0.79 0.28 -0.33 -2.66
2 0.68 -0.73 0.28 -0.33 -2.43
2 0.74 -0.66 0.28 -0.34 -2.19
2 0.79 -0.57 0.28 -0.33 -1.94
2 0.81 -0.47 0.28 -0.32 -1.70
2 0.80 -0.37 0.28 -0.30 -1.45
2 0.78 -0.27 0.29 -0.29 -1.24
2 0.73 -0.19 0.29 -0.26 -1.00
2 0.67 -0.11 0.29 -0.26 -0.79
2 0.58 -0.06 0.30 -0.24 -0.57
2 0.50 0.00 0.30 -0.25 -0.36
2 0.40 0.00 0.30 -0.24 -0.14
2 0.30 0.00 0.30 -0.20 0.00
2 0.20 0.00 0.30 -0.18 0.00
2 0.10 0.00 0.30 -0.10 0.00
2 0.00 0.00 0.30 0.00 0.00
