1 -0.00 -1.30 0.20 0.00 1.57
1 -0.00 -1.30 0.20 0.00 1.57
1 -0.00 -1.30 0.20 0.00 1.57
1 -0.00 -1.30 0.20 0.00 1.57
1 -0.00 -1.30 0.20 0.00 1.57
1 0.53 -1.19 0.20 0.00 1.99
1 0.53 -1.19 0.20 0.00 1.99
1 0.53 -1.19 0.20 0.00 1.99
1 0.53 -1.19 0.20 0.00 1.99
1 0.53 -1.19 0.20 0.00 1.99
1 0.97 -0.87 0.20 0.00 2.41
1 0.97 -0.87 0.20 0.00 2.41
1 0.97 -0.87 0.20 0.00 2.41
1 0.97 -0.87 0.20 0.00 2.41
1 0.97 -0.87 0.20 0.00 2.41
1 1.24 -0.40 0.20 0.00 2.83
1 1.24 -0.40 0.20 0.00 2.83
1 1.24 -0.40 0.20 0.00 2.83
1 1.24 -0.40 0.20 0.00 2.83
1 1.24 -0.40 0.20 0.00 2.83
1 1.29 0.14 0.20 0.00 3.25
1 1.29 0.14 0.20 0.00 3.25
1 1.29 0.14 0.20 0.00 3.25
1 1.29 0.14 0.20 0.00 3.25
1 1.29 0.14 0.20 0.00 3.25
1 1.13 0.65 0.20 0.00 3.67
1 1.13 0.65 0.20 0.00 3.67
1 1.13 0.65 0.20 0.00 3.67
1 1.13 0.65 0.20 0.00 3.67
1 1.13 0.65 0.20 0.00 3.67
1 0.76 1.05 0.20 0.00 4.08
1 0.76 1.05 0.20 0.00 4.08
1 0.76 1.05 0.20 0.00 4.08
1 0.76 1.05 0.20 0.00 4.08
1 0.76 1.05 0.20 0.00 4.08
1 0.27 1.27 0.20 0.00 4.50
1 0.27 1.27 0.20 0.00 4.50
1 0.27 1.27 0.20 0.00 4.50
1 0.27 1.27 0.20 0.00 4.50
1 0.27 1.27 0.20 0.00 4.50
1 -0.27 1.27 0.20 0.00 4.92
1 -0.27 1.27 0.20 0.00 4.92
1 -0.27 1.27 0.20 0.00 4.92
1 -0.27 1.27 0.20 0.00 4.92
1 -0.27 1.27 0.20 0.00 4.92
1 -0.76 1.05 0.20 0.00 5.34
1 -0.76 1.05 0.20 0.00 5.34
1 -0.76 1.05 0.20 0.00 5.34
1 -0.76 1.05 0.20 0.00 5.34
1 -0.76 1.05 0.20 0.00 5.34
1 -1.13 0.65 0.20 0.00 5.76
1 -1.13 0.65 0.20 0.00 5.76
1 -1.13 0.65 0.20 0.00 5.76
1 -1.13 0.65 0.20 0.00 5.76
1 -1.13 0.65 0.20 0.00 5.76
1 -1.29 0.14 0.20 0.00 6.18
1 -1.29 0.14 0.20 0.00 6.18
1 -1.29 0.14 0.20 0.00 6.18
1 -1.29 0.14 0.20 0.00 6.18
1 -1.29 0.14 0.20 0.00 6.18
1 -1.24 -0.40 0.20 0.00 0.31
1 -1.24 -0.40 0.20 0.00 0.31
1 -1.24 -0.40 0.20 0.00 0.31
1 -1.24 -0.40 0.20 0.00 0.31
1 -1.24 -0.40 0.20 0.00 0.31
1 -0.97 -0.87 0.20 0.00 0.73
1 -0.97 -0.87 0.20 0.00 0.73
1 -0.97 -0.87 0.20 0.00 0.73
1 -0.97 -0.87 0.20 0.00 0.73
1 -0.97 -0.87 0.20 0.00 0.73
1 -0.53 -1.19 0.20 0.00 1.15
1 -0.53 -1.19 0.20 0.00 1.15
1 -0.53 -1.19 0.20 0.00 1.15
1 -0.53 -1.19 0.20 0.00 1.15
1 -0.53 -1.19 0.20 0.00 1.15
1 -0.00 -1.27 0.68 0.00 1.57
1 -0.00 -1.27 0.68 0.00 1.57
1 -0.00 -1.27 0.68 0.00 1.57
1 -0.00 -1.27 0.68 0.00 1.57
1 -0.00 -1.27 0.68 0.00 1.57
1 0.52 -1.16 0.68 0.00 1.99
1 0.52 -1.16 0.68 0.00 1.99
1 0.52 -1.16 0.68 0.00 1.99
1 0.52 -1.16 0.68 0.00 1.99
1 0.52 -1.16 0.68 0.00 1.99
1 0.94 -0.85 0.68 0.00 2.41
1 0.94 -0.85 0.68 0.00 2.41
1 0.94 -0.85 0.68 0.00 2.41
1 0.94 -0.85 0.68 0.00 2.41
1 0.94 -0.85 0.68 0.00 2.41
1 1.21 -0.39 0.68 0.00 2.83
1 1.21 -0.39 0.68 0.00 2.83
1 1.21 -0.39 0.68 0.00 2.83
1 1.21 -0.39 0.68 0.00 2.83
1 1.21 -0.39 0.68 0.00 2.83
1 1.26 0.13 0.68 0.00 3.25
1 1.26 0.13 0.68 0.00 3.25
1 1.26 0.13 0.68 0.00 3.25
1 1.26 0.13 0.68 0.00 3.25
1 1.26 0.13 0.68 0.00 3.25
1 1.10 0.63 0.68 0.00 3.67
1 1.10 0.63 0.68 0.00 3.67
1 1.10 0.63 0.68 0.00 3.67
1 1.10 0.63 0.68 0.00 3.67
1 1.10 0.63 0.68 0.00 3.67
1 0.75 1.03 0.68 0.00 4.08
1 0.75 1.03 0.68 0.00 4.08
1 0.75 1.03 0.68 0.00 4.08
1 0.75 1.03 0.68 0.00 4.08
1 0.75 1.03 0.68 0.00 4.08
1 0.26 1.24 0.68 0.00 4.50
1 0.26 1.24 0.68 0.00 4.50
1 0.26 1.24 0.68 0.00 4.50
1 0.26 1.24 0.68 0.00 4.50
1 0.26 1.24 0.68 0.00 4.50
1 -0.26 1.24 0.68 0.00 4.92
1 -0.26 1.24 0.68 0.00 4.92
1 -0.26 1.24 0.68 0.00 4.92
1 -0.26 1.24 0.68 0.00 4.92
1 -0.26 1.24 0.68 0.00 4.92
1 -0.75 1.03 0.68 0.00 5.34
1 -0.75 1.03 0.68 0.00 5.34
1 -0.75 1.03 0.68 0.00 5.34
1 -0.75 1.03 0.68 0.00 5.34
1 -0.75 1.03 0.68 0.00 5.34
1 -1.10 0.63 0.68 0.00 5.76
1 -1.10 0.63 0.68 0.00 5.76
1 -1.10 0.63 0.68 0.00 5.76
1 -1.10 0.63 0.68 0.00 5.76
1 -1.10 0.63 0.68 0.00 5.76
1 -1.26 0.13 0.68 0.00 6.18
1 -1.26 0.13 0.68 0.00 6.18
1 -1.26 0.13 0.68 0.00 6.18
1 -1.26 0.13 0.68 0.00 6.18
1 -1.26 0.13 0.68 0.00 6.18
1 -1.21 -0.39 0.68 0.00 0.31
1 -1.21 -0.39 0.68 0.00 0.31
1 -1.21 -0.39 0.68 0.00 0.31
1 -1.21 -0.39 0.68 0.00 0.31
1 -1.21 -0.39 0.68 0.00 0.31
1 -0.94 -0.85 0.68 0.00 0.73
1 -0.94 -0.85 0.68 0.00 0.73
1 -0.94 -0.85 0.68 0.00 0.73
1 -0.94 -0.85 0.68 0.00 0.73
1 -0.94 -0.85 0.68 0.00 0.73
1 -0.52 -1.16 0.68 0.00 1.15
1 -0.52 -1.16 0.68 0.00 1.15
1 -0.52 -1.16 0.68 0.00 1.15
1 -0.52 -1.16 0.68 0.00 1.15
1 -0.52 -1.16 0.68 0.00 1.15
1 -0.00 -1.18 1.13 0.00 1.57
1 -0.00 -1.18 1.13 0.00 1.57
1 -0.00 -1.18 1.13 0.00 1.57
1 -0.00 -1.18 1.13 0.00 1.57
1 -0.00 -1.18 1.13 0.00 1.57
1 0.48 -1.08 1.13 0.00 1.99
1 0.48 -1.08 1.13 0.00 1.99
1 0.48 -1.08 1.13 0.00 1.99
1 0.48 -1.08 1.13 0.00 1.99
1 0.48 -1.08 1.13 0.00 1.99
1 0.88 -0.79 1.13 0.00 2.41
1 0.88 -0.79 1.13 0.00 2.41
1 0.88 -0.79 1.13 0.00 2.41
1 0.88 -0.79 1.13 0.00 2.41
1 0.88 -0.79 1.13 0.00 2.41
1 1.12 -0.36 1.13 0.00 2.83
1 1.12 -0.36 1.13 0.00 2.83
1 1.12 -0.36 1.13 0.00 2.83
1 1.12 -0.36 1.13 0.00 2.83
1 1.12 -0.36 1.13 0.00 2.83
1 1.17 0.12 1.13 0.00 3.25
1 1.17 0.12 1.13 0.00 3.25
1 1.17 0.12 1.13 0.00 3.25
1 1.17 0.12 1.13 0.00 3.25
1 1.17 0.12 1.13 0.00 3.25
1 1.02 0.59 1.13 0.00 3.67
1 1.02 0.59 1.13 0.00 3.67
1 1.02 0.59 1.13 0.00 3.67
1 1.02 0.59 1.13 0.00 3.67
1 1.02 0.59 1.13 0.00 3.67
1 0.69 0.95 1.13 0.00 4.08
1 0.69 0.95 1.13 0.00 4.08
1 0.69 0.95 1.13 0.00 4.08
1 0.69 0.95 1.13 0.00 4.08
1 0.69 0.95 1.13 0.00 4.08
1 0.24 1.15 1.13 0.00 4.50
1 0.24 1.15 1.13 0.00 4.50
1 0.24 1.15 1.13 0.00 4.50
1 0.24 1.15 1.13 0.00 4.50
1 0.24 1.15 1.13 0.00 4.50
1 -0.24 1.15 1.13 0.00 4.92
1 -0.24 1.15 1.13 0.00 4.92
1 -0.24 1.15 1.13 0.00 4.92
1 -0.24 1.15 1.13 0.00 4.92
1 -0.24 1.15 1.13 0.00 4.92
1 -0.69 0.95 1.13 0.00 5.34
1 -0.69 0.95 1.13 0.00 5.34
1 -0.69 0.95 1.13 0.00 5.34
1 -0.69 0.95 1.13 0.00 5.34
1 -0.69 0.95 1.13 0.00 5.34
1 -1.02 0.59 1.13 0.00 5.76
1 -1.02 0.59 1.13 0.00 5.76
1 -1.02 0.59 1.13 0.00 5.76
1 -1.02 0.59 1.13 0.00 5.76
1 -1.02 0.59 1.13 0.00 5.76
1 -1.17 0.12 1.13 0.00 6.18
1 -1.17 0.12 1.13 0.00 6.18
1 -1.17 0.12 1.13 0.00 6.18
1 -1.17 0.12 1.13 0.00 6.18
1 -1.17 0.12 1.13 0.00 6.18
1 -1.12 -0.36 1.13 0.00 0.31
1 -1.12 -0.36 1.13 0.00 0.31
1 -1.12 -0.36 1.13 0.00 0.31
1 -1.12 -0.36 1.13 0.00 0.31
1 -1.12 -0.36 1.13 0.00 0.31
1 -0.88 -0.79 1.13 0.00 0.73
1 -0.88 -0.79 1.13 0.00 0.73
1 -0.88 -0.79 1.13 0.00 0.73
1 -0.88 -0.79 1.13 0.00 0.73
1 -0.88 -0.79 1.13 0.00 0.73
1 -0.48 -1.08 1.13 0.00 1.15
1 -0.48 -1.08 1.13 0.00 1.15
1 -0.48 -1.08 1.13 0.00 1.15
1 -0.48 -1.08 1.13 0.00 1.15
1 -0.48 -1.08 1.13 0.00 1.15
1 -0.00 -1.03 1.55 0.00 1.57
1 -0.00 -1.03 1.55 0.00 1.57
1 -0.00 -1.03 1.55 0.00 1.57
1 -0.00 -1.03 1.55 0.00 1.57
1 -0.00 -1.03 1.55 0.00 1.57
1 0.42 -0.94 1.55 0.00 1.99
1 0.42 -0.94 1.55 0.00 1.99
1 0.42 -0.94 1.55 0.00 1.99
1 0.42 -0.94 1.55 0.00 1.99
1 0.42 -0.94 1.55 0.00 1.99
1 0.77 -0.69 1.55 0.00 2.41
1 0.77 -0.69 1.55 0.00 2.41
1 0.77 -0.69 1.55 0.00 2.41
1 0.77 -0.69 1.55 0.00 2.41
1 0.77 -0.69 1.55 0.00 2.41
1 0.98 -0.32 1.55 0.00 2.83
1 0.98 -0.32 1.55 0.00 2.83
1 0.98 -0.32 1.55 0.00 2.83
1 0.98 -0.32 1.55 0.00 2.83
1 0.98 -0.32 1.55 0.00 2.83
1 1.03 0.11 1.55 0.00 3.25
1 1.03 0.11 1.55 0.00 3.25
1 1.03 0.11 1.55 0.00 3.25
1 1.03 0.11 1.55 0.00 3.25
1 1.03 0.11 1.55 0.00 3.25
1 0.89 0.52 1.55 0.00 3.67
1 0.89 0.52 1.55 0.00 3.67
1 0.89 0.52 1.55 0.00 3.67
1 0.89 0.52 1.55 0.00 3.67
1 0.89 0.52 1.55 0.00 3.67
1 0.61 0.83 1.55 0.00 4.08
1 0.61 0.83 1.55 0.00 4.08
1 0.61 0.83 1.55 0.00 4.08
1 0.61 0.83 1.55 0.00 4.08
1 0.61 0.83 1.55 0.00 4.08
1 0.21 1.01 1.55 0.00 4.50
1 0.21 1.01 1.55 0.00 4.50
1 0.21 1.01 1.55 0.00 4.50
1 0.21 1.01 1.55 0.00 4.50
1 0.21 1.01 1.55 0.00 4.50
1 -0.21 1.01 1.55 0.00 4.92
1 -0.21 1.01 1.55 0.00 4.92
1 -0.21 1.01 1.55 0.00 4.92
1 -0.21 1.01 1.55 0.00 4.92
1 -0.21 1.01 1.55 0.00 4.92
1 -0.61 0.83 1.55 0.00 5.34
1 -0.61 0.83 1.55 0.00 5.34
1 -0.61 0.83 1.55 0.00 5.34
1 -0.61 0.83 1.55 0.00 5.34
1 -0.61 0.83 1.55 0.00 5.34
1 -0.89 0.52 1.55 0.00 5.76
1 -0.89 0.52 1.55 0.00 5.76
1 -0.89 0.52 1.55 0.00 5.76
1 -0.89 0.52 1.55 0.00 5.76
1 -0.89 0.52 1.55 0.00 5.76
1 -1.03 0.11 1.55 0.00 6.18
1 -1.03 0.11 1.55 0.00 6.18
1 -1.03 0.11 1.55 0.00 6.18
1 -1.03 0.11 1.55 0.00 6.18
1 -1.03 0.11 1.55 0.00 6.18
1 -0.98 -0.32 1.55 0.00 0.31
1 -0.98 -0.32 1.55 0.00 0.31
1 -0.98 -0.32 1.55 0.00 0.31
1 -0.98 -0.32 1.55 0.00 0.31
1 -0.98 -0.32 1.55 0.00 0.31
1 -0.77 -0.69 1.55 0.00 0.73
1 -0.77 -0.69 1.55 0.00 0.73
1 -0.77 -0.69 1.55 0.00 0.73
1 -0.77 -0.69 1.55 0.00 0.73
1 -0.77 -0.69 1.55 0.00 0.73
1 -0.42 -0.94 1.55 0.00 1.15
1 -0.42 -0.94 1.55 0.00 1.15
1 -0.42 -0.94 1.55 0.00 1.15
1 -0.42 -0.94 1.55 0.00 1.15
1 -0.42 -0.94 1.55 0.00 1.15
1 -0.00 -0.84 1.89 0.00 1.57
1 -0.00 -0.84 1.89 0.00 1.57
1 -0.00 -0.84 1.89 0.00 1.57
1 -0.00 -0.84 1.89 0.00 1.57
1 -0.00 -0.84 1.89 0.00 1.57
1 0.34 -0.76 1.89 0.00 1.99
1 0.34 -0.76 1.89 0.00 1.99
1 0.34 -0.76 1.89 0.00 1.99
1 0.34 -0.76 1.89 0.00 1.99
1 0.34 -0.76 1.89 0.00 1.99
1 0.62 -0.56 1.89 0.00 2.41
1 0.62 -0.56 1.89 0.00 2.41
1 0.62 -0.56 1.89 0.00 2.41
1 0.62 -0.56 1.89 0.00 2.41
1 0.62 -0.56 1.89 0.00 2.41
1 0.79 -0.26 1.89 0.00 2.83
1 0.79 -0.26 1.89 0.00 2.83
1 0.79 -0.26 1.89 0.00 2.83
1 0.79 -0.26 1.89 0.00 2.83
1 0.79 -0.26 1.89 0.00 2.83
1 0.83 0.09 1.89 0.00 3.25
1 0.83 0.09 1.89 0.00 3.25
1 0.83 0.09 1.89 0.00 3.25
1 0.83 0.09 1.89 0.00 3.25
1 0.83 0.09 1.89 0.00 3.25
1 0.72 0.42 1.89 0.00 3.67
1 0.72 0.42 1.89 0.00 3.67
1 0.72 0.42 1.89 0.00 3.67
1 0.72 0.42 1.89 0.00 3.67
1 0.72 0.42 1.89 0.00 3.67
1 0.49 0.68 1.89 0.00 4.08
1 0.49 0.68 1.89 0.00 4.08
1 0.49 0.68 1.89 0.00 4.08
1 0.49 0.68 1.89 0.00 4.08
1 0.49 0.68 1.89 0.00 4.08
1 0.17 0.82 1.89 0.00 4.50
1 0.17 0.82 1.89 0.00 4.50
1 0.17 0.82 1.89 0.00 4.50
1 0.17 0.82 1.89 0.00 4.50
1 0.17 0.82 1.89 0.00 4.50
1 -0.17 0.82 1.89 0.00 4.92
1 -0.17 0.82 1.89 0.00 4.92
1 -0.17 0.82 1.89 0.00 4.92
1 -0.17 0.82 1.89 0.00 4.92
1 -0.17 0.82 1.89 0.00 4.92
1 -0.49 0.68 1.89 0.00 5.34
1 -0.49 0.68 1.89 0.00 5.34
1 -0.49 0.68 1.89 0.00 5.34
1 -0.49 0.68 1.89 0.00 5.34
1 -0.49 0.68 1.89 0.00 5.34
1 -0.72 0.42 1.89 0.00 5.76
1 -0.72 0.42 1.89 0.00 5.76
1 -0.72 0.42 1.89 0.00 5.76
1 -0.72 0.42 1.89 0.00 5.76
1 -0.72 0.42 1.89 0.00 5.76
1 -0.83 0.09 1.89 0.00 6.18
1 -0.83 0.09 1.89 0.00 6.18
1 -0.83 0.09 1.89 0.00 6.18
1 -0.83 0.09 1.89 0.00 6.18
1 -0.83 0.09 1.89 0.00 6.18
1 -0.79 -0.26 1.89 0.00 0.31
1 -0.79 -0.26 1.89 0.00 0.31
1 -0.79 -0.26 1.89 0.00 0.31
1 -0.79 -0.26 1.89 0.00 0.31
1 -0.79 -0.26 1.89 0.00 0.31
1 -0.62 -0.56 1.89 0.00 0.73
1 -0.62 -0.56 1.89 0.00 0.73
1 -0.62 -0.56 1.89 0.00 0.73
1 -0.62 -0.56 1.89 0.00 0.73
1 -0.62 -0.56 1.89 0.00 0.73
1 -0.34 -0.76 1.89 0.00 1.15
1 -0.34 -0.76 1.89 0.00 1.15
1 -0.34 -0.76 1.89 0.00 1.15
1 -0.34 -0.76 1.89 0.00 1.15
1 -0.34 -0.76 1.89 0.00 1.15
1 -0.34 -0.76 1.89 0.00 1.15
1 -0.34 -0.76 1.89 0.00 1.15
1 -0.34 -0.76 1.89 0.00 1.15
1 -0.34 -0.76 1.89 0.00 1.15
1 -0.34 -0.76 1.89 0.00 1.15
1 -0.62 -0.56 1.89 0.00 0.73
1 -0.62 -0.56 1.89 0.00 0.73
1 -0.62 -0.56 1.89 0.00 0.73
1 -0.62 -0.56 1.89 0.00 0.73
1 -0.62 -0.56 1.89 0.00 0.73
1 -0.79 -0.26 1.89 0.00 0.31
1 -0.79 -0.26 1.89 0.00 0.31
1 -0.79 -0.26 1.89 0.00 0.31
1 -0.79 -0.26 1.89 0.00 0.31
1 -0.79 -0.26 1.89 0.00 0.31
1 -0.83 0.09 1.89 0.00 6.18
1 -0.83 0.09 1.89 0.00 6.18
1 -0.83 0.09 1.89 0.00 6.18
1 -0.83 0.09 1.89 0.00 6.18
1 -0.83 0.09 1.89 0.00 6.18
1 -0.72 0.42 1.89 0.00 5.76
1 -0.72 0.42 1.89 0.00 5.76
1 -0.72 0.42 1.89 0.00 5.76
1 -0.72 0.42 1.89 0.00 5.76
1 -0.72 0.42 1.89 0.00 5.76
1 -0.49 0.68 1.89 0.00 5.34
1 -0.49 0.68 1.89 0.00 5.34
1 -0.49 0.68 1.89 0.00 5.34
1 -0.49 0.68 1.89 0.00 5.34
1 -0.49 0.68 1.89 0.00 5.34
1 -0.17 0.82 1.89 0.00 4.92
1 -0.17 0.82 1.89 0.00 4.92
1 -0.17 0.82 1.89 0.00 4.92
1 -0.17 0.82 1.89 0.00 4.92
1 -0.17 0.82 1.89 0.00 4.92
1 0.17 0.82 1.89 0.00 4.50
1 0.17 0.82 1.89 0.00 4.50
1 0.17 0.82 1.89 0.00 4.50
1 0.17 0.82 1.89 0.00 4.50
1 0.17 0.82 1.89 0.00 4.50
1 0.49 0.68 1.89 0.00 4.08
1 0.49 0.68 1.89 0.00 4.08
1 0.49 0.68 1.89 0.00 4.08
1 0.49 0.68 1.89 0.00 4.08
1 0.49 0.68 1.89 0.00 4.08
1 0.72 0.42 1.89 0.00 3.67
1 0.72 0.42 1.89 0.00 3.67
1 0.72 0.42 1.89 0.00 3.67
1 0.72 0.42 1.89 0.00 3.67
1 0.72 0.42 1.89 0.00 3.67
1 0.83 0.09 1.89 0.00 3.25
1 0.83 0.09 1.89 0.00 3.25
1 0.83 0.09 1.89 0.00 3.25
1 0.83 0.09 1.89 0.00 3.25
1 0.83 0.09 1.89 0.00 3.25
1 0.79 -0.26 1.89 0.00 2.83
1 0.79 -0.26 1.89 0.00 2.83
1 0.79 -0.26 1.89 0.00 2.83
1 0.79 -0.26 1.89 0.00 2.83
1 0.79 -0.26 1.89 0.00 2.83
1 0.62 -0.56 1.89 0.00 2.41
1 0.62 -0.56 1.89 0.00 2.41
1 0.62 -0.56 1.89 0.00 2.41
1 0.62 -0.56 1.89 0.00 2.41
1 0.62 -0.56 1.89 0.00 2.41
1 0.34 -0.76 1.89 0.00 1.99
1 0.34 -0.76 1.89 0.00 1.99
1 0.34 -0.76 1.89 0.00 1.99
1 0.34 -0.76 1.89 0.00 1.99
1 0.34 -0.76 1.89 0.00 1.99
1 -0.00 -0.84 1.89 0.00 1.57
1 -0.00 -0.84 1.89 0.00 1.57
1 -0.00 -0.84 1.89 0.00 1.57
1 -0.00 -0.84 1.89 0.00 1.57
1 -0.00 -0.84 1.89 0.00 1.57
1 -0.42 -0.94 1.55 0.00 1.15
1 -0.42 -0.94 1.55 0.00 1.15
1 -0.42 -0.94 1.55 0.00 1.15
1 -0.42 -0.94 1.55 0.00 1.15
1 -0.42 -0.94 1.55 0.00 1.15
1 -0.77 -0.69 1.55 0.00 0.73
1 -0.77 -0.69 1.55 0.00 0.73
1 -0.77 -0.69 1.55 0.00 0.73
1 -0.77 -0.69 1.55 0.00 0.73
1 -0.77 -0.69 1.55 0.00 0.73
1 -0.98 -0.32 1.55 0.00 0.31
1 -0.98 -0.32 1.55 0.00 0.31
1 -0.98 -0.32 1.55 0.00 0.31
1 -0.98 -0.32 1.55 0.00 0.31
1 -0.98 -0.32 1.55 0.00 0.31
1 -1.03 0.11 1.55 0.00 6.18
1 -1.03 0.11 1.55 0.00 6.18
1 -1.03 0.11 1.55 0.00 6.18
1 -1.03 0.11 1.55 0.00 6.18
1 -1.03 0.11 1.55 0.00 6.18
1 -0.89 0.52 1.55 0.00 5.76
1 -0.89 0.52 1.55 0.00 5.76
1 -0.89 0.52 1.55 0.00 5.76
1 -0.89 0.52 1.55 0.00 5.76
1 -0.89 0.52 1.55 0.00 5.76
1 -0.61 0.83 1.55 0.00 5.34
1 -0.61 0.83 1.55 0.00 5.34
1 -0.61 0.83 1.55 0.00 5.34
1 -0.61 0.83 1.55 0.00 5.34
1 -0.61 0.83 1.55 0.00 5.34
1 -0.21 1.01 1.55 0.00 4.92
1 -0.21 1.01 1.55 0.00 4.92
1 -0.21 1.01 1.55 0.00 4.92
1 -0.21 1.01 1.55 0.00 4.92
1 -0.21 1.01 1.55 0.00 4.92
1 0.21 1.01 1.55 0.00 4.50
1 0.21 1.01 1.55 0.00 4.50
1 0.21 1.01 1.55 0.00 4.50
1 0.21 1.01 1.55 0.00 4.50
1 0.21 1.01 1.55 0.00 4.50
1 0.61 0.83 1.55 0.00 4.08
1 0.61 0.83 1.55 0.00 4.08
1 0.61 0.83 1.55 0.00 4.08
1 0.61 0.83 1.55 0.00 4.08
1 0.61 0.83 1.55 0.00 4.08
1 0.89 0.52 1.55 0.00 3.67
1 0.89 0.52 1.55 0.00 3.67
1 0.89 0.52 1.55 0.00 3.67
1 0.89 0.52 1.55 0.00 3.67
1 0.89 0.52 1.55 0.00 3.67
1 1.03 0.11 1.55 0.00 3.25
1 1.03 0.11 1.55 0.00 3.25
1 1.03 0.11 1.55 0.00 3.25
1 1.03 0.11 1.55 0.00 3.25
1 1.03 0.11 1.55 0.00 3.25
1 0.98 -0.32 1.55 0.00 2.83
1 0.98 -0.32 1.55 0.00 2.83
1 0.98 -0.32 1.55 0.00 2.83
1 0.98 -0.32 1.55 0.00 2.83
1 0.98 -0.32 1.55 0.00 2.83
1 0.77 -0.69 1.55 0.00 2.41
1 0.77 -0.69 1.55 0.00 2.41
1 0.77 -0.69 1.55 0.00 2.41
1 0.77 -0.69 1.55 0.00 2.41
1 0.77 -0.69 1.55 0.00 2.41
1 0.42 -0.94 1.55 0.00 1.99
1 0.42 -0.94 1.55 0.00 1.99
1 0.42 -0.94 1.55 0.00 1.99
1 0.42 -0.94 1.55 0.00 1.99
1 0.42 -0.94 1.55 0.00 1.99
1 -0.00 -1.03 1.55 0.00 1.57
1 -0.00 -1.03 1.55 0.00 1.57
1 -0.00 -1.03 1.55 0.00 1.57
1 -0.00 -1.03 1.55 0.00 1.57
1 -0.00 -1.03 1.55 0.00 1.57
1 -0.48 -1.08 1.13 0.00 1.15
1 -0.48 -1.08 1.13 0.00 1.15
1 -0.48 -1.08 1.13 0.00 1.15
1 -0.48 -1.08 1.13 0.00 1.15
1 -0.48 -1.08 1.13 0.00 1.15
1 -0.88 -0.79 1.13 0.00 0.73
1 -0.88 -0.79 1.13 0.00 0.73
1 -0.88 -0.79 1.13 0.00 0.73
1 -0.88 -0.79 1.13 0.00 0.73
1 -0.88 -0.79 1.13 0.00 0.73
1 -1.12 -0.36 1.13 0.00 0.31
1 -1.12 -0.36 1.13 0.00 0.31
1 -1.12 -0.36 1.13 0.00 0.31
1 -1.12 -0.36 1.13 0.00 0.31
1 -1.12 -0.36 1.13 0.00 0.31
1 -1.17 0.12 1.13 0.00 6.18
1 -1.17 0.12 1.13 0.00 6.18
1 -1.17 0.12 1.13 0.00 6.18
1 -1.17 0.12 1.13 0.00 6.18
1 -1.17 0.12 1.13 0.00 6.18
1 -1.02 0.59 1.13 0.00 5.76
1 -1.02 0.59 1.13 0.00 5.76
1 -1.02 0.59 1.13 0.00 5.76
1 -1.02 0.59 1.13 0.00 5.76
1 -1.02 0.59 1.13 0.00 5.76
1 -0.69 0.95 1.13 0.00 5.34
1 -0.69 0.95 1.13 0.00 5.34
1 -0.69 0.95 1.13 0.00 5.34
1 -0.69 0.95 1.13 0.00 5.34
1 -0.69 0.95 1.13 0.00 5.34
1 -0.24 1.15 1.13 0.00 4.92
1 -0.24 1.15 1.13 0.00 4.92
1 -0.24 1.15 1.13 0.00 4.92
1 -0.24 1.15 1.13 0.00 4.92
1 -0.24 1.15 1.13 0.00 4.92
1 0.24 1.15 1.13 0.00 4.50
1 0.24 1.15 1.13 0.00 4.50
1 0.24 1.15 1.13 0.00 4.50
1 0.24 1.15 1.13 0.00 4.50
1 0.24 1.15 1.13 0.00 4.50
1 0.69 0.95 1.13 0.00 4.08
1 0.69 0.95 1.13 0.00 4.08
1 0.69 0.95 1.13 0.00 4.08
1 0.69 0.95 1.13 0.00 4.08
1 0.69 0.95 1.13 0.00 4.08
1 1.02 0.59 1.13 0.00 3.67
1 1.02 0.59 1.13 0.00 3.67
1 1.02 0.59 1.13 0.00 3.67
1 1.02 0.59 1.13 0.00 3.67
1 1.02 0.59 1.13 0.00 3.67
1 1.17 0.12 1.13 0.00 3.25
1 1.17 0.12 1.13 0.00 3.25
1 1.17 0.12 1.13 0.00 3.25
1 1.17 0.12 1.13 0.00 3.25
1 1.17 0.12 1.13 0.00 3.25
1 1.12 -0.36 1.13 0.00 2.83
1 1.12 -0.36 1.13 0.00 2.83
1 1.12 -0.36 1.13 0.00 2.83
1 1.12 -0.36 1.13 0.00 2.83
1 1.12 -0.36 1.13 0.00 2.83
1 0.88 -0.79 1.13 0.00 2.41
1 0.88 -0.79 1.13 0.00 2.41
1 0.88 -0.79 1.13 0.00 2.41
1 0.88 -0.79 1.13 0.00 2.41
1 0.88 -0.79 1.13 0.00 2.41
1 0.48 -1.08 1.13 0.00 1.99
1 0.48 -1.08 1.13 0.00 1.99
1 0.48 -1.08 1.13 0.00 1.99
1 0.48 -1.08 1.13 0.00 1.99
1 0.48 -1.08 1.13 0.00 1.99
1 -0.00 -1.18 1.13 0.00 1.57
1 -0.00 -1.18 1.13 0.00 1.57
1 -0.00 -1.18 1.13 0.00 1.57
1 -0.00 -1.18 1.13 0.00 1.57
1 -0.00 -1.18 1.13 0.00 1.57
1 -0.52 -1.16 0.68 0.00 1.15
1 -0.52 -1.16 0.68 0.00 1.15
1 -0.52 -1.16 0.68 0.00 1.15
1 -0.52 -1.16 0.68 0.00 1.15
1 -0.52 -1.16 0.68 0.00 1.15
1 -0.94 -0.85 0.68 0.00 0.73
1 -0.94 -0.85 0.68 0.00 0.73
1 -0.94 -0.85 0.68 0.00 0.73
1 -0.94 -0.85 0.68 0.00 0.73
1 -0.94 -0.85 0.68 0.00 0.73
1 -1.21 -0.39 0.68 0.00 0.31
1 -1.21 -0.39 0.68 0.00 0.31
1 -1.21 -0.39 0.68 0.00 0.31
1 -1.21 -0.39 0.68 0.00 0.31
1 -1.21 -0.39 0.68 0.00 0.31
1 -1.26 0.13 0.68 0.00 6.18
1 -1.26 0.13 0.68 0.00 6.18
1 -1.26 0.13 0.68 0.00 6.18
1 -1.26 0.13 0.68 0.00 6.18
1 -1.26 0.13 0.68 0.00 6.18
1 -1.10 0.63 0.68 0.00 5.76
1 -1.10 0.63 0.68 0.00 5.76
1 -1.10 0.63 0.68 0.00 5.76
1 -1.10 0.63 0.68 0.00 5.76
1 -1.10 0.63 0.68 0.00 5.76
1 -0.75 1.03 0.68 0.00 5.34
1 -0.75 1.03 0.68 0.00 5.34
1 -0.75 1.03 0.68 0.00 5.34
1 -0.75 1.03 0.68 0.00 5.34
1 -0.75 1.03 0.68 0.00 5.34
1 -0.26 1.24 0.68 0.00 4.92
1 -0.26 1.24 0.68 0.00 4.92
1 -0.26 1.24 0.68 0.00 4.92
1 -0.26 1.24 0.68 0.00 4.92
1 -0.26 1.24 0.68 0.00 4.92
1 0.26 1.24 0.68 0.00 4.50
1 0.26 1.24 0.68 0.00 4.50
1 0.26 1.24 0.68 0.00 4.50
1 0.26 1.24 0.68 0.00 4.50
1 0.26 1.24 0.68 0.00 4.50
1 0.75 1.03 0.68 0.00 4.08
1 0.75 1.03 0.68 0.00 4.08
1 0.75 1.03 0.68 0.00 4.08
1 0.75 1.03 0.68 0.00 4.08
1 0.75 1.03 0.68 0.00 4.08
1 1.10 0.63 0.68 0.00 3.67
1 1.10 0.63 0.68 0.00 3.67
1 1.10 0.63 0.68 0.00 3.67
1 1.10 0.63 0.68 0.00 3.67
1 1.10 0.63 0.68 0.00 3.67
1 1.26 0.13 0.68 0.00 3.25
1 1.26 0.13 0.68 0.00 3.25
1 1.26 0.13 0.68 0.00 3.25
1 1.26 0.13 0.68 0.00 3.25
1 1.26 0.13 0.68 0.00 3.25
1 1.21 -0.39 0.68 0.00 2.83
1 1.21 -0.39 0.68 0.00 2.83
1 1.21 -0.39 0.68 0.00 2.83
1 1.21 -0.39 0.68 0.00 2.83
1 1.21 -0.39 0.68 0.00 2.83
1 0.94 -0.85 0.68 0.00 2.41
1 0.94 -0.85 0.68 0.00 2.41
1 0.94 -0.85 0.68 0.00 2.41
1 0.94 -0.85 0.68 0.00 2.41
1 0.94 -0.85 0.68 0.00 2.41
1 0.52 -1.16 0.68 0.00 1.99
1 0.52 -1.16 0.68 0.00 1.99
1 0.52 -1.16 0.68 0.00 1.99
1 0.52 -1.16 0.68 0.00 1.99
1 0.52 -1.16 0.68 0.00 1.99
1 -0.00 -1.27 0.68 0.00 1.57
1 -0.00 -1.27 0.68 0.00 1.57
1 -0.00 -1.27 0.68 0.00 1.57
1 -0.00 -1.27 0.68 0.00 1.57
1 -0.00 -1.27 0.68 0.00 1.57
1 -0.53 -1.19 0.20 0.00 1.15
1 -0.53 -1.19 0.20 0.00 1.15
1 -0.53 -1.19 0.20 0.00 1.15
1 -0.53 -1.19 0.20 0.00 1.15
1 -0.53 -1.19 0.20 0.00 1.15
1 -0.97 -0.87 0.20 0.00 0.73
1 -0.97 -0.87 0.20 0.00 0.73
1 -0.97 -0.87 0.20 0.00 0.73
1 -0.97 -0.87 0.20 0.00 0.73
1 -0.97 -0.87 0.20 0.00 0.73
1 -1.24 -0.40 0.20 0.00 0.31
1 -1.24 -0.40 0.20 0.00 0.31
1 -1.24 -0.40 0.20 0.00 0.31
1 -1.24 -0.40 0.20 0.00 0.31
1 -1.24 -0.40 0.20 0.00 0.31
1 -1.29 0.14 0.20 0.00 6.18
1 -1.29 0.14 0.20 0.00 6.18
1 -1.29 0.14 0.20 0.00 6.18
1 -1.29 0.14 0.20 0.00 6.18
1 -1.29 0.14 0.20 0.00 6.18
1 -1.13 0.65 0.20 0.00 5.76
1 -1.13 0.65 0.20 0.00 5.76
1 -1.13 0.65 0.20 0.00 5.76
1 -1.13 0.65 0.20 0.00 5.76
1 -1.13 0.65 0.20 0.00 5.76
1 -0.76 1.05 0.20 0.00 5.34
1 -0.76 1.05 0.20 0.00 5.34
1 -0.76 1.05 0.20 0.00 5.34
1 -0.76 1.05 0.20 0.00 5.34
1 -0.76 1.05 0.20 0.00 5.34
1 -0.27 1.27 0.20 0.00 4.92
1 -0.27 1.27 0.20 0.00 4.92
1 -0.27 1.27 0.20 0.00 4.92
1 -0.27 1.27 0.20 0.00 4.92
1 -0.27 1.27 0.20 0.00 4.92
1 0.27 1.27 0.20 0.00 4.50
1 0.27 1.27 0.20 0.00 4.50
1 0.27 1.27 0.20 0.00 4.50
1 0.27 1.27 0.20 0.00 4.50
1 0.27 1.27 0.20 0.00 4.50
1 0.76 1.05 0.20 0.00 4.08
1 0.76 1.05 0.20 0.00 4.08
1 0.76 1.05 0.20 0.00 4.08
1 0.76 1.05 0.20 0.00 4.08
1 0.76 1.05 0.20 0.00 4.08
1 1.13 0.65 0.20 0.00 3.67
1 1.13 0.65 0.20 0.00 3.67
1 1.13 0.65 0.20 0.00 3.67
1 1.13 0.65 0.20 0.00 3.67
1 1.13 0.65 0.20 0.00 3.67
1 1.29 0.14 0.20 0.00 3.25
1 1.29 0.14 0.20 0.00 3.25
1 1.29 0.14 0.20 0.00 3.25
1 1.29 0.14 0.20 0.00 3.25
1 1.29 0.14 0.20 0.00 3.25
1 1.24 -0.40 0.20 0.00 2.83
1 1.24 -0.40 0.20 0.00 2.83
1 1.24 -0.40 0.20 0.00 2.83
1 1.24 -0.40 0.20 0.00 2.83
1 1.24 -0.40 0.20 0.00 2.83
1 0.97 -0.87 0.20 0.00 2.41
1 0.97 -0.87 0.20 0.00 2.41
1 0.97 -0.87 0.20 0.00 2.41
1 0.97 -0.87 0.20 0.00 2.41
1 0.97 -0.87 0.20 0.00 2.41
1 0.53 -1.19 0.20 0.00 1.99
1 0.53 -1.19 0.20 0.00 1.99
1 0.53 -1.19 0.20 0.00 1.99
1 0.53 -1.19 0.20 0.00 1.99
1 0.53 -1.19 0.20 0.00 1.99
1 -0.00 -1.30 0.20 0.00 1.57
1 -0.00 -1.30 0.20 0.00 1.57
1 -0.00 -1.30 0.20 0.00 1.57
1 -0.00 -1.30 0.20 0.00 1.57
1 -0.00 -1.30 0.20 0.00 1.57

